19247338366 522073082434
35466783451 42460199502 41959002264 41966554657
35466783451 521849258309 41845327086
36351800494 38499047372
37611784266 38649492599
38056491991 41137772891
38353738014 38531616390
38355139446 35872277833 38353278257 38359138201 38499047372
38380388183 38531616390
38473543776 41116694090
38895727303 40708805695 26570008021 44559821668
38960205054 522756906798 522721708951 522696663130
38981489064 38982017118
38984092778 522718841423
39222471041 522682163530
39251306931 523078381017 523078613198
39283692506 39596159120
39551407711 38954042715 39588712196
40574627064 40842205412
40574627064 40842205412 43852965681
40716352514 40667419579
41190411430 41848849846
41466757223 39880931898
41480213815 522219442122 521498686624
41802322128 41782583952
41802322128 41782583952 39132239877
41826822779 41827182267
41826994010 42008036227
41870020327 38512135989
41870020327 41855661420
41930473765 40255860404 522097584829 520528233204 522761639468 40570819411 521922019340 45903736124 523905313913 521606307612
42012197757 42396622095
42158090117 42215528814
42162756978 41466757223 39880931898 41371500881
42256983945 42125035973 41631832440 42873190629 42162756978 41371500881 520850309665 44046268941
42284701821 42235903399 42763973138
42294683453 41580093208
42294683453 42295251444
42295251444 41580093208
42618428132 520397505239
42634022832 520852370237
42668106041 40708805695 523898554659 43412704637 44559821668 41556233298 44206348602 521167577944 26570008021
42778684100 522575814541
42822684226 38904167835
42856302717 42814891199
42856302717 42862093119
42873190629 42162756978 41466757223 39880931898 41371500881
42990435828 42990655257
43010827860 42343197843 42294459067
43182584272 43182300977
43444895639 43452698791 522814772412
43482474946 44676514232
43588839000 42935473339
43609037418 520060427703
43875476681 44461423328
43876248401 523900386446 45471411506
43891186896 43928141896
43903174938 44848701163
43903174938 520919137768 44620304153 520291768077
44301318229 44341373728
44301318229 44361400405 45301456462
44600339847 520787591821
44672724246 522221938261
44676514232 44737104109
44678177614 44971050934
44809539713 44971050934
44819162983 41802540975 521172369157 522073722547
44848889788 41848849846
44899283233 44986060801
44951709068 44956005349
45231862762 523895948181 523905425659
45422773711 19443494466
45653110958 520923061891
45773946093 521407225901
520289772662 520289962475
520393599810 520384464870
520571559277 521879484868
520809478707 520809646681
520914565816 40790180906
520923609117 522666781613
520977716012 521907828816
521020312054 521428269815
521143910664 521144098596
521286748398 523054127061 520183778729 520841783885
521327745101 521327277733
521331066464 522172024963
521386237829 520874734058 520875676007
521407225901 521245570763
521412162690 521849258309
521424263325 521859391567
521526898339 40332537905
521585011067 523217329725
521599177684 521851870255
521691698306 521599177684 521851870255
521692223123 45205915838
521694270652 521692358238 521692934528
521694270652 521692934528
521782493829 43482474946
521813123063 521817197640
521813655503 521826884596
521815759658 520535582270 523252572073
521815759658 521816015335
521828786356 521807440212 521823141336 520827449924 521831292842
521828786356 521813921865 521825916668 521817197640
521830824560 522026435091
521830824560 523247609515 521804921736 520535582270 522222370247 521831292842 521815759658 523251740232 521816015335 523252572073
521831292842 523247609515
521852204832 521853204073
521853204073 521857523696
521921317814 521921577526
521921317814 521921577526 41401725810
521980059365 521852204832
521980059365 521852204832 521853204073 521857523696
522032887455 520078257157
522090654519 521358059504
522093842795 37261257101 522690379057
522097584829 520531292954
522097750189 522078223426
522121598789 522124606229
522123225466 522123986326
522123225466 522123986326 522126452182 522124558671
522123490925 522123153219
522124210965 522122794123
522124558671 522126452182
522124854326 522126228881
522126776103 522122925441
522540171681 522068517015
522558776220 520183778729 520195081629 45437827529 520733778125 521286748398
522558776220 523054127061 520183778729 520195081629 45437827529 520733778125 45460694831 521286748398
522696663130 522756906798
522705122769 523020714346
522725024144 38960205054
522725024144 38981389599
522758581042 39222471041 522682163530
522839883288 43460063175 44719317919
522839883288 43515254299 45521114341
522988761708 522991965115
523069850528 523069994058
523078541955 42858289265
523078613198 523078381017
523207121145 523204766484
523247609515 520535582270 520827449924 521816015335 521831292842 521815759658 523251740232 522222370247 523252572073
523251740232 522222370247 520535582270 523252572073
523251740232 523252572073
523280389671 523027500531
523785173678 523792816284
523792816284 523785173678 523760395391
523892949511 523900672971 523892534132
523895300959 42668106041 40708805695 523898554659 523887529371 43412704637 44559821668 521891957212 41556233298 44206348602 521167577944 26570008021 523895948181
523896010207 523890678361 523867683844 523904720287
523896010207 523896992137
523896270319 44402009637 44362346997
523896992137 523900672971
523898568474 523908916697
523899637736 523907692214
523899969975 523874503500
523900625550 42858289265
523904932010 523897026404
523908540293 523900742293
523909036340 523901666711
